[: (24, 10, 49, 110)
R: (49, 10, 103, 110)
e: (103, 10, 150, 110)
f: (150, 10, 182, 110)
r: (182, 10, 213, 110)
e: (213, 10, 260, 110)
n: (260, 10, 309, 110)
]: (309, 10, 334, 110)
J: (24, 115, 73, 214)
e: (73, 115, 120, 214)
s: (120, 115, 166, 214)
t: (166, 115, 196, 214)
e: (196, 115, 243, 214)
m: (243, 115, 320, 214)
 : (320, 115, 341, 214)
g: (341, 115, 391, 214)
ł: (391, 115, 416, 214)
u: (416, 115, 465, 214)
p: (465, 115, 515, 214)
i: (515, 115, 538, 214)
o: (538, 115, 588, 214)
m: (588, 115, 665, 214)
ą: (665, 115, 713, 214)
d: (713, 115, 763, 214)
r: (763, 115, 794, 214)
y: (794, 115, 836, 214)
,: (836, 115, 855, 214)
 : (855, 115, 876, 214)
g: (876, 115, 926, 214)
ł: (926, 115, 951, 214)
u: (951, 115, 1000, 214)
p: (1000, 115, 1050, 214)
,: (1050, 115, 1069, 214)
 : (1069, 115, 1090, 214)
g: (1090, 115, 1140, 214)
ł: (1140, 115, 1165, 214)
u: (1165, 115, 1214, 214)
p: (1214, 115, 1264, 214)
,: (1264, 115, 1283, 214)
 : (1283, 115, 1304, 214)
g: (1304, 115, 1354, 214)
ł: (1354, 115, 1379, 214)
u: (1379, 115, 1428, 214)
p: (1428, 115, 1478, 214)
i: (1478, 115, 1501, 214)
o: (1501, 115, 1551, 214)
m: (1551, 115, 1628, 214)
ą: (1628, 115, 1676, 214)
d: (1676, 115, 1726, 214)
r: (1726, 115, 1757, 214)
y: (1757, 115, 1799, 214)

M: (24, 219, 100, 318)
ó: (100, 219, 150, 318)
w: (150, 219, 216, 318)
i: (216, 219, 239, 318)
ę: (239, 219, 286, 318)
 : (286, 219, 307, 318)
j: (307, 219, 329, 318)
a: (329, 219, 377, 318)
k: (377, 219, 422, 318)
 : (422, 219, 443, 318)
j: (443, 219, 465, 318)
e: (465, 219, 512, 318)
s: (512, 219, 558, 318)
t: (558, 219, 588, 318)
,: (588, 219, 607, 318)
 : (607, 219, 628, 318)
n: (628, 219, 677, 318)
i: (677, 219, 700, 318)
e: (700, 219, 747, 318)
c: (747, 219, 793, 318)
h: (793, 219, 842, 318)
 : (842, 219, 863, 318)
s: (863, 219, 909, 318)
i: (909, 219, 932, 318)
ę: (932, 219, 979, 318)
 : (979, 219, 1000, 318)
u: (1000, 219, 1049, 318)
 : (1049, 219, 1070, 318)
u: (1070, 219, 1119, 318)
,: (1119, 219, 1138, 318)
 : (1138, 219, 1159, 318)
w: (1159, 219, 1225, 318)
c: (1225, 219, 1271, 318)
z: (1271, 219, 1315, 318)
u: (1315, 219, 1364, 318)
j: (1364, 219, 1386, 318)
ą: (1386, 219, 1434, 318)
 : (1434, 219, 1455, 318)
m: (1455, 219, 1532, 318)
o: (1532, 219, 1582, 318)
r: (1582, 219, 1613, 318)
d: (1613, 219, 1663, 318)
y: (1663, 219, 1705, 318)

J: (24, 323, 73, 422)
e: (73, 323, 120, 422)
s: (120, 323, 166, 422)
t: (166, 323, 196, 422)
e: (196, 323, 243, 422)
m: (243, 323, 320, 422)
 : (320, 323, 341, 422)
g: (341, 323, 391, 422)
ł: (391, 323, 416, 422)
u: (416, 323, 465, 422)
p: (465, 323, 515, 422)
i: (515, 323, 538, 422)
o: (538, 323, 588, 422)
m: (588, 323, 665, 422)
ą: (665, 323, 713, 422)
d: (713, 323, 763, 422)
r: (763, 323, 794, 422)
y: (794, 323, 836, 422)
,: (836, 323, 855, 422)
 : (855, 323, 876, 422)
e: (876, 323, 923, 422)
j: (923, 323, 945, 422)
,: (945, 323, 964, 422)
 : (964, 323, 985, 422)
n: (985, 323, 1034, 422)
i: (1034, 323, 1057, 422)
e: (1057, 323, 1104, 422)
c: (1104, 323, 1150, 422)
h: (1150, 323, 1199, 422)
 : (1199, 323, 1220, 422)
s: (1220, 323, 1266, 422)
i: (1266, 323, 1289, 422)
ę: (1289, 323, 1336, 422)
 : (1336, 323, 1357, 422)
m: (1357, 323, 1434, 422)
o: (1434, 323, 1484, 422)
r: (1484, 323, 1515, 422)
d: (1515, 323, 1565, 422)
y: (1565, 323, 1607, 422)
 : (1607, 323, 1628, 422)
g: (1628, 323, 1678, 422)
ł: (1678, 323, 1703, 422)
o: (1703, 323, 1753, 422)
w: (1753, 323, 1819, 422)
i: (1819, 323, 1842, 422)
ą: (1842, 323, 1890, 422)

B: (24, 427, 79, 527)
i: (79, 427, 102, 527)
s: (102, 427, 148, 527)
z: (148, 427, 192, 527)
 : (192, 427, 213, 527)
t: (213, 427, 243, 527)
o: (243, 427, 293, 527)
 : (293, 427, 314, 527)
n: (314, 427, 363, 527)
a: (363, 427, 411, 527)
j: (411, 427, 433, 527)
g: (433, 427, 483, 527)
o: (483, 427, 533, 527)
r: (533, 427, 564, 527)
s: (564, 427, 610, 527)
z: (610, 427, 654, 527)
y: (654, 427, 696, 527)
 : (696, 427, 717, 527)
r: (717, 427, 748, 527)
a: (748, 427, 796, 527)
p: (796, 427, 846, 527)
e: (846, 427, 893, 527)
r: (893, 427, 924, 527)
 : (924, 427, 945, 527)
z: (945, 427, 989, 527)
 : (989, 427, 1010, 527)
P: (1010, 427, 1066, 527)
o: (1066, 427, 1116, 527)
l: (1116, 427, 1139, 527)
s: (1139, 427, 1185, 527)
k: (1185, 427, 1230, 527)
i: (1230, 427, 1253, 527)
;: (1253, 427, 1273, 527)
 : (1273, 427, 1294, 527)
o: (1294, 427, 1344, 527)
k: (1344, 427, 1389, 527)
s: (1389, 427, 1435, 527)
y: (1435, 427, 1477, 527)
m: (1477, 427, 1554, 527)
o: (1554, 427, 1604, 527)
r: (1604, 427, 1635, 527)
o: (1635, 427, 1685, 527)
n: (1685, 427, 1734, 527)

J: (24, 532, 73, 631)
e: (73, 532, 120, 631)
s: (120, 532, 166, 631)
t: (166, 532, 196, 631)
e: (196, 532, 243, 631)
m: (243, 532, 320, 631)
 : (320, 532, 341, 631)
g: (341, 532, 391, 631)
ł: (391, 532, 416, 631)
u: (416, 532, 465, 631)
p: (465, 532, 515, 631)
i: (515, 532, 538, 631)
o: (538, 532, 588, 631)
m: (588, 532, 665, 631)
ą: (665, 532, 713, 631)
d: (713, 532, 763, 631)
r: (763, 532, 794, 631)
y: (794, 532, 836, 631)
,: (836, 532, 855, 631)
 : (855, 532, 876, 631)
g: (876, 532, 926, 631)
ł: (926, 532, 951, 631)
u: (951, 532, 1000, 631)
p: (1000, 532, 1050, 631)
,: (1050, 532, 1069, 631)
 : (1069, 532, 1090, 631)
g: (1090, 532, 1140, 631)
ł: (1140, 532, 1165, 631)
u: (1165, 532, 1214, 631)
p: (1214, 532, 1264, 631)
,: (1264, 532, 1283, 631)
 : (1283, 532, 1304, 631)
g: (1304, 532, 1354, 631)
ł: (1354, 532, 1379, 631)
u: (1379, 532, 1428, 631)
p: (1428, 532, 1478, 631)
i: (1478, 532, 1501, 631)
o: (1501, 532, 1551, 631)
m: (1551, 532, 1628, 631)
ą: (1628, 532, 1676, 631)
d: (1676, 532, 1726, 631)
r: (1726, 532, 1757, 631)
y: (1757, 532, 1799, 631)

M: (24, 636, 100, 735)
ó: (100, 636, 150, 735)
w: (150, 636, 216, 735)
i: (216, 636, 239, 735)
ę: (239, 636, 286, 735)
 : (286, 636, 307, 735)
j: (307, 636, 329, 735)
a: (329, 636, 377, 735)
k: (377, 636, 422, 735)
 : (422, 636, 443, 735)
j: (443, 636, 465, 735)
e: (465, 636, 512, 735)
s: (512, 636, 558, 735)
t: (558, 636, 588, 735)
,: (588, 636, 607, 735)
 : (607, 636, 628, 735)
n: (628, 636, 677, 735)
i: (677, 636, 700, 735)
e: (700, 636, 747, 735)
c: (747, 636, 793, 735)
h: (793, 636, 842, 735)
 : (842, 636, 863, 735)
s: (863, 636, 909, 735)
i: (909, 636, 932, 735)
ę: (932, 636, 979, 735)
 : (979, 636, 1000, 735)
h: (1000, 636, 1049, 735)
a: (1049, 636, 1097, 735)
 : (1097, 636, 1118, 735)
t: (1118, 636, 1148, 735)
f: (1148, 636, 1180, 735)
u: (1180, 636, 1229, 735)
,: (1229, 636, 1248, 735)
 : (1248, 636, 1269, 735)
p: (1269, 636, 1319, 735)
l: (1319, 636, 1342, 735)
u: (1342, 636, 1391, 735)
j: (1391, 636, 1413, 735)
ą: (1413, 636, 1461, 735)
 : (1461, 636, 1482, 735)
m: (1482, 636, 1559, 735)
o: (1559, 636, 1609, 735)
r: (1609, 636, 1640, 735)
d: (1640, 636, 1690, 735)
y: (1690, 636, 1732, 735)

J: (24, 740, 73, 839)
e: (73, 740, 120, 839)
s: (120, 740, 166, 839)
t: (166, 740, 196, 839)
e: (196, 740, 243, 839)
m: (243, 740, 320, 839)
 : (320, 740, 341, 839)
g: (341, 740, 391, 839)
ł: (391, 740, 416, 839)
u: (416, 740, 465, 839)
p: (465, 740, 515, 839)
i: (515, 740, 538, 839)
o: (538, 740, 588, 839)
m: (588, 740, 665, 839)
ą: (665, 740, 713, 839)
d: (713, 740, 763, 839)
r: (763, 740, 794, 839)
y: (794, 740, 836, 839)
,: (836, 740, 855, 839)
 : (855, 740, 876, 839)
e: (876, 740, 923, 839)
j: (923, 740, 945, 839)
,: (945, 740, 964, 839)
 : (964, 740, 985, 839)
l: (985, 740, 1008, 839)
e: (1008, 740, 1055, 839)
c: (1055, 740, 1101, 839)
z: (1101, 740, 1145, 839)
 : (1145, 740, 1166, 839)
n: (1166, 740, 1215, 839)
i: (1215, 740, 1238, 839)
e: (1238, 740, 1285, 839)
 : (1285, 740, 1306, 839)
c: (1306, 740, 1352, 839)
h: (1352, 740, 1401, 839)
u: (1401, 740, 1450, 839)
j: (1450, 740, 1472, 839)
o: (1472, 740, 1522, 839)
g: (1522, 740, 1572, 839)
ł: (1572, 740, 1597, 839)
o: (1597, 740, 1647, 839)
w: (1647, 740, 1713, 839)
y: (1713, 740, 1755, 839)

P: (24, 844, 80, 943)
o: (80, 844, 130, 943)
ś: (130, 844, 176, 943)
r: (176, 844, 207, 943)
o: (207, 844, 257, 943)
d: (257, 844, 307, 943)
k: (307, 844, 352, 943)
u: (352, 844, 401, 943)
 : (401, 844, 422, 943)
j: (422, 844, 444, 943)
e: (444, 844, 491, 943)
s: (491, 844, 537, 943)
t: (537, 844, 567, 943)
 : (567, 844, 588, 943)
h: (588, 844, 637, 943)
a: (637, 844, 685, 943)
r: (685, 844, 716, 943)
m: (716, 844, 793, 943)
o: (793, 844, 843, 943)
n: (843, 844, 892, 943)
i: (892, 844, 915, 943)
a: (915, 844, 963, 943)
;: (963, 844, 983, 943)
 : (983, 844, 1004, 943)
a: (1004, 844, 1052, 943)
u: (1052, 844, 1101, 943)
t: (1101, 844, 1131, 943)
o: (1131, 844, 1181, 943)
b: (1181, 844, 1231, 943)
u: (1231, 844, 1280, 943)
s: (1280, 844, 1326, 943)
 : (1326, 844, 1347, 943)
d: (1347, 844, 1397, 943)
w: (1397, 844, 1463, 943)
u: (1463, 844, 1512, 943)
c: (1512, 844, 1558, 943)
z: (1558, 844, 1602, 943)
ł: (1602, 844, 1627, 943)
o: (1627, 844, 1677, 943)
n: (1677, 844, 1726, 943)
o: (1726, 844, 1776, 943)
w: (1776, 844, 1842, 943)
y: (1842, 844, 1884, 943)
